$ 1 0.000005 382.76258214399064 50 5 50 5e-11
v 368 368 368 256 0 0 40 12 0 0 0.5
r 368 256 368 176 0 100
s 368 176 496 176 0 1 false
c 496 176 496 368 4 0.00001 0.9811131181527805 0.001 0.1
r 576 176 576 272 0 300
162 576 272 576 368 2 default-led 1 0 0 0.01
w 720 368 800 368 0
w 576 368 496 368 0
w 496 368 368 368 0
162 720 272 720 368 2 default-led 1 0 0 0.01
c 656 176 656 368 4 0.000049999999999999996 1.1556320893609913 0.001 0.1
w 496 176 576 176 0
w 576 368 656 368 0
r 720 176 720 272 0 300
w 656 176 720 176 0
w 656 368 720 368 0
d 576 176 656 176 2 default
c 800 176 800 368 4 0.00009999999999999999 1.2505287967656562 0.001 0.1
w 800 176 880 176 0
d 720 176 800 176 2 default
r 880 176 880 272 0 300
162 880 272 880 368 2 default-led 1 0 0 0.01
w 880 368 800 368 0
w 1040 176 1040 544 0
162 880 464 880 384 2 default-led 1 0 0 0.01
r 880 464 880 544 0 300
w 960 176 1040 176 0
c 960 176 960 368 4 0.00015 1.3173516973121158 0.001 0
w 880 368 960 368 0
d 880 176 960 176 2 default
w 1040 544 880 544 0
w 992 384 880 384 0
162 720 464 720 384 2 default-led 1 0 0 0.01
162 576 464 576 384 2 default-led 1 0 0 0.01
r 720 464 720 544 0 300
r 576 464 576 544 0 300
c 800 544 800 384 4 0.00019999999999999998 1.37100842339616 0.001 0.1
c 656 544 656 384 4 0.0003 1.461086007711347 0.001 0.1
w 880 384 800 384 0
w 800 384 720 384 0
w 720 384 656 384 0
w 656 384 576 384 0
w 800 544 720 544 0
w 656 544 576 544 0
d 880 544 800 544 2 default
d 720 544 656 544 2 default
w 960 368 992 368 0
w 992 368 992 384 0
o 33 64 0 4099 2.5 0.0015625 0 2 33 3
o 32 64 0 4099 2.5 0.00078125 1 2 32 3
o 24 64 0 4099 2.5 0.000390625 2 2 24 3
