$ 1 0.000005 382.76258214399064 99 5 50 5e-11
v 896 272 896 160 0 0 40 12 0 0 0.5
162 640 240 640 336 2 default-led 1 0 0 0.01
s 864 160 784 160 0 1 false
r 640 160 640 240 0 1000
w 896 272 896 336 0
w 896 160 864 160 0
162 448 208 448 336 2 default-led 1 0 0 0.01
w 640 336 704 336 0
w 704 336 896 336 0
r 784 160 704 160 0 10000
209 704 160 704 336 4 0.00047 1.1872772707535577 10 0.1 1
d 704 160 704 80 2 default
r 512 80 512 128 0 22000
209 512 208 512 336 4 0.00047 1.1874141766961455 10 0 1
r 448 128 448 208 0 1000
d 512 128 576 128 2 default
r 368 112 368 160 0 47000
209 368 240 368 336 4 0.001 1.4437027336288486 12 0 1
162 320 240 320 336 2 default-led 1 0 0 0.01
r 320 160 320 240 0 1000
w 704 160 640 160 0
w 704 80 512 80 0
w 512 128 448 128 0
w 448 336 512 336 0
w 512 336 640 336 0
w 512 208 512 128 0
w 368 336 448 336 0
w 368 240 368 160 0
w 320 160 368 160 0
w 576 128 576 48 0
w 576 48 368 48 0
w 368 48 368 112 0
w 320 336 368 336 0
o 1 64 0 4099 2.5 0.00009765625 0 2 1 3
o 10 64 0 4099 5 0.00009765625 1 2 10 3
38 3 F1 0 1 100000 -1 Resistance
